row,col,value
0,50,-2.837705e+03
0,1,-2.757797e+03
0,0,5.595502e+03
1,51,-2.832309e+03
1,2,-2.753007e+03
1,0,-2.757797e+03
1,1,8.343113e+03
2,52,-2.823407e+03
2,3,-2.745912e+03
2,1,-2.753007e+03
2,2,8.322326e+03
3,53,-2.811133e+03
3,4,-2.736621e+03
3,2,-2.745912e+03
3,3,8.293666e+03
4,54,-2.795674e+03
4,5,-2.725274e+03
4,3,-2.736621e+03
4,4,8.257568e+03
5,55,-2.777263e+03
5,6,-2.712042e+03
5,4,-2.725274e+03
5,5,8.214579e+03
6,56,-2.756181e+03
6,7,-2.697128e+03
6,5,-2.712042e+03
6,6,8.165352e+03
7,57,-2.732746e+03
7,8,-2.680757e+03
7,6,-2.697128e+03
7,7,8.110631e+03
8,58,-2.707314e+03
8,9,-2.663176e+03
8,7,-2.680757e+03
8,8,8.051247e+03
9,59,-2.680271e+03
9,10,-2.644653e+03
9,8,-2.663176e+03
9,9,7.988100e+03
10,60,-2.652026e+03
10,11,-2.625468e+03
10,9,-2.644653e+03
10,10,7.922147e+03
11,61,-2.623007e+03
11,12,-2.605912e+03
11,10,-2.625468e+03
11,11,7.854387e+03
12,62,-2.593655e+03
12,13,-2.586282e+03
12,11,-2.605912e+03
12,12,7.785849e+03
13,63,-2.564414e+03
13,14,-2.566875e+03
13,12,-2.586282e+03
13,13,7.717571e+03
14,64,-2.535728e+03
14,15,-2.547985e+03
14,13,-2.566875e+03
14,14,7.650588e+03
15,65,-2.508031e+03
15,16,-2.529899e+03
15,14,-2.547985e+03
15,15,7.585915e+03
16,66,-2.481743e+03
16,17,-2.512891e+03
16,15,-2.529899e+03
16,16,7.524533e+03
17,67,-2.457264e+03
17,18,-2.497218e+03
17,16,-2.512891e+03
17,17,7.467372e+03
18,68,-2.434963e+03
18,19,-2.483118e+03
18,17,-2.497218e+03
18,18,7.415299e+03
19,69,-2.415179e+03
19,20,-2.470806e+03
19,18,-2.483118e+03
19,19,7.369104e+03
20,70,-2.398212e+03
20,21,-2.460467e+03
20,19,-2.470806e+03
20,20,7.329485e+03
21,71,-2.384319e+03
21,22,-2.452258e+03
21,20,-2.460467e+03
21,21,7.297045e+03
22,72,-2.373711e+03
22,23,-2.446305e+03
22,21,-2.452258e+03
22,22,7.272275e+03
23,73,-2.366548e+03
23,24,-2.442696e+03
23,22,-2.446305e+03
23,23,7.255549e+03
24,74,-2.362939e+03
24,25,-2.441487e+03
24,23,-2.442696e+03
24,24,7.247123e+03
25,75,-2.362939e+03
25,26,-2.442696e+03
25,24,-2.441487e+03
25,25,7.247123e+03
26,76,-2.366548e+03
26,27,-2.446305e+03
26,25,-2.442696e+03
26,26,7.255549e+03
27,77,-2.373711e+03
27,28,-2.452258e+03
27,26,-2.446305e+03
27,27,7.272275e+03
28,78,-2.384319e+03
28,29,-2.460467e+03
28,27,-2.452258e+03
28,28,7.297045e+03
29,79,-2.398212e+03
29,30,-2.470806e+03
29,28,-2.460467e+03
29,29,7.329485e+03
30,80,-2.415179e+03
30,31,-2.483118e+03
30,29,-2.470806e+03
30,30,7.369104e+03
31,81,-2.434963e+03
31,32,-2.497218e+03
31,30,-2.483118e+03
31,31,7.415299e+03
32,82,-2.457264e+03
32,33,-2.512891e+03
32,31,-2.497218e+03
32,32,7.467372e+03
33,83,-2.481743e+03
33,34,-2.529899e+03
33,32,-2.512891e+03
33,33,7.524533e+03
34,84,-2.508031e+03
34,35,-2.547985e+03
34,33,-2.529899e+03
34,34,7.585915e+03
35,85,-2.535728e+03
35,36,-2.566875e+03
35,34,-2.547985e+03
35,35,7.650588e+03
36,86,-2.564414e+03
36,37,-2.586282e+03
36,35,-2.566875e+03
36,36,7.717571e+03
37,87,-2.593655e+03
37,38,-2.605912e+03
37,36,-2.586282e+03
37,37,7.785849e+03
38,88,-2.623007e+03
38,39,-2.625468e+03
38,37,-2.605912e+03
38,38,7.854387e+03
39,89,-2.652026e+03
39,40,-2.644653e+03
39,38,-2.625468e+03
39,39,7.922147e+03
40,90,-2.680271e+03
40,41,-2.663176e+03
40,39,-2.644653e+03
40,40,7.988100e+03
41,91,-2.707314e+03
41,42,-2.680757e+03
41,40,-2.663176e+03
41,41,8.051247e+03
42,92,-2.732746e+03
42,43,-2.697128e+03
42,41,-2.680757e+03
42,42,8.110631e+03
43,93,-2.756181e+03
43,44,-2.712042e+03
43,42,-2.697128e+03
43,43,8.165352e+03
44,94,-2.777263e+03
44,45,-2.725274e+03
44,43,-2.712042e+03
44,44,8.214579e+03
45,95,-2.795674e+03
45,46,-2.736621e+03
45,44,-2.725274e+03
45,45,8.257568e+03
46,96,-2.811133e+03
46,47,-2.745912e+03
46,45,-2.736621e+03
46,46,8.293666e+03
47,97,-2.823407e+03
47,48,-2.753007e+03
47,46,-2.745912e+03
47,47,8.322326e+03
48,98,-2.832309e+03
48,49,-2.757797e+03
48,47,-2.753007e+03
48,48,8.343113e+03
49,99,-2.837705e+03
49,48,-2.757797e+03
49,49,5.595502e+03
50,100,-2.991520e+03
50,0,-2.837705e+03
50,51,-2.912217e+03
50,50,8.741442e+03
51,101,-2.982617e+03
51,1,-2.832309e+03
51,52,-2.902709e+03
51,50,-2.912217e+03
51,51,1.162985e+04
52,102,-2.967930e+03
52,2,-2.823407e+03
52,53,-2.888628e+03
52,51,-2.902709e+03
52,52,1.158267e+04
53,103,-2.947680e+03
53,3,-2.811133e+03
53,54,-2.870186e+03
53,52,-2.888628e+03
53,53,1.151763e+04
54,104,-2.922175e+03
54,4,-2.795674e+03
54,55,-2.847663e+03
54,53,-2.870186e+03
54,54,1.143570e+04
55,105,-2.891802e+03
55,5,-2.777263e+03
55,56,-2.821402e+03
55,54,-2.847663e+03
55,55,1.133813e+04
56,106,-2.857020e+03
56,6,-2.756181e+03
56,57,-2.791799e+03
56,55,-2.821402e+03
56,56,1.122640e+04
57,107,-2.818357e+03
57,7,-2.732746e+03
57,58,-2.759304e+03
57,56,-2.791799e+03
57,57,1.110221e+04
58,108,-2.776399e+03
58,8,-2.707314e+03
58,59,-2.724409e+03
58,57,-2.759304e+03
58,58,1.096743e+04
59,109,-2.731782e+03
59,9,-2.680271e+03
59,60,-2.687644e+03
59,58,-2.724409e+03
59,59,1.082411e+04
60,110,-2.685183e+03
60,10,-2.652026e+03
60,61,-2.649565e+03
60,59,-2.687644e+03
60,60,1.067442e+04
61,111,-2.637308e+03
61,11,-2.623007e+03
61,62,-2.610750e+03
61,60,-2.649565e+03
61,61,1.052063e+04
62,112,-2.588882e+03
62,12,-2.593655e+03
62,63,-2.571787e+03
62,61,-2.610750e+03
62,62,1.036507e+04
63,113,-2.540640e+03
63,13,-2.564414e+03
63,64,-2.533267e+03
63,62,-2.571787e+03
63,63,1.021011e+04
64,114,-2.493313e+03
64,14,-2.535728e+03
64,65,-2.495774e+03
64,63,-2.533267e+03
64,64,1.005808e+04
65,115,-2.447618e+03
65,15,-2.508031e+03
65,66,-2.459876e+03
65,64,-2.495774e+03
65,65,9.911299e+03
66,116,-2.404249e+03
66,16,-2.481743e+03
66,67,-2.426117e+03
66,65,-2.459876e+03
66,66,9.771985e+03
67,117,-2.363862e+03
67,17,-2.457264e+03
67,68,-2.395009e+03
67,66,-2.426117e+03
67,67,9.642252e+03
68,118,-2.327070e+03
68,18,-2.434963e+03
68,69,-2.367024e+03
68,67,-2.395009e+03
68,68,9.524066e+03
69,119,-2.294430e+03
69,19,-2.415179e+03
69,70,-2.342585e+03
69,68,-2.367024e+03
69,69,9.419219e+03
70,120,-2.266438e+03
70,20,-2.398212e+03
70,71,-2.322064e+03
70,69,-2.342585e+03
70,70,9.329300e+03
71,121,-2.243517e+03
71,21,-2.384319e+03
71,72,-2.305772e+03
71,70,-2.322064e+03
71,71,9.255673e+03
72,122,-2.226015e+03
72,22,-2.373711e+03
72,73,-2.293954e+03
72,71,-2.305772e+03
72,72,9.199453e+03
73,123,-2.214198e+03
73,23,-2.366548e+03
73,74,-2.286792e+03
73,72,-2.293954e+03
73,73,9.161493e+03
74,124,-2.208244e+03
74,24,-2.362939e+03
74,75,-2.284392e+03
74,73,-2.286792e+03
74,74,9.142368e+03
75,125,-2.208244e+03
75,25,-2.362939e+03
75,76,-2.286792e+03
75,74,-2.284392e+03
75,75,9.142368e+03
76,126,-2.214198e+03
76,26,-2.366548e+03
76,77,-2.293954e+03
76,75,-2.286792e+03
76,76,9.161493e+03
77,127,-2.226015e+03
77,27,-2.373711e+03
77,78,-2.305772e+03
77,76,-2.293954e+03
77,77,9.199453e+03
78,128,-2.243517e+03
78,28,-2.384319e+03
78,79,-2.322064e+03
78,77,-2.305772e+03
78,78,9.255673e+03
79,129,-2.266438e+03
79,29,-2.398212e+03
79,80,-2.342585e+03
79,78,-2.322064e+03
79,79,9.329300e+03
80,130,-2.294430e+03
80,30,-2.415179e+03
80,81,-2.367024e+03
80,79,-2.342585e+03
80,80,9.419219e+03
81,131,-2.327070e+03
81,31,-2.434963e+03
81,82,-2.395009e+03
81,80,-2.367024e+03
81,81,9.524066e+03
82,132,-2.363862e+03
82,32,-2.457264e+03
82,83,-2.426117e+03
82,81,-2.395009e+03
82,82,9.642252e+03
83,133,-2.404249e+03
83,33,-2.481743e+03
83,84,-2.459876e+03
83,82,-2.426117e+03
83,83,9.771985e+03
84,134,-2.447618e+03
84,34,-2.508031e+03
84,85,-2.495774e+03
84,83,-2.459876e+03
84,84,9.911299e+03
85,135,-2.493313e+03
85,35,-2.535728e+03
85,86,-2.533267e+03
85,84,-2.495774e+03
85,85,1.005808e+04
86,136,-2.540640e+03
86,36,-2.564414e+03
86,87,-2.571787e+03
86,85,-2.533267e+03
86,86,1.021011e+04
87,137,-2.588882e+03
87,37,-2.593655e+03
87,88,-2.610750e+03
87,86,-2.571787e+03
87,87,1.036507e+04
88,138,-2.637308e+03
88,38,-2.623007e+03
88,89,-2.649565e+03
88,87,-2.610750e+03
88,88,1.052063e+04
89,139,-2.685183e+03
89,39,-2.652026e+03
89,90,-2.687644e+03
89,88,-2.649565e+03
89,89,1.067442e+04
90,140,-2.731782e+03
90,40,-2.680271e+03
90,91,-2.724409e+03
90,89,-2.687644e+03
90,90,1.082411e+04
91,141,-2.776399e+03
91,41,-2.707314e+03
91,92,-2.759304e+03
91,90,-2.724409e+03
91,91,1.096743e+04
92,142,-2.818357e+03
92,42,-2.732746e+03
92,93,-2.791799e+03
92,91,-2.759304e+03
92,92,1.110221e+04
93,143,-2.857020e+03
93,43,-2.756181e+03
93,94,-2.821402e+03
93,92,-2.791799e+03
93,93,1.122640e+04
94,144,-2.891802e+03
94,44,-2.777263e+03
94,95,-2.847663e+03
94,93,-2.821402e+03
94,94,1.133813e+04
95,145,-2.922175e+03
95,45,-2.795674e+03
95,96,-2.870186e+03
95,94,-2.847663e+03
95,95,1.143570e+04
96,146,-2.947680e+03
96,46,-2.811133e+03
96,97,-2.888628e+03
96,95,-2.870186e+03
96,96,1.151763e+04
97,147,-2.967930e+03
97,47,-2.823407e+03
97,98,-2.902709e+03
97,96,-2.888628e+03
97,97,1.158267e+04
98,148,-2.982617e+03
98,48,-2.832309e+03
98,99,-2.912217e+03
98,97,-2.902709e+03
98,98,1.162985e+04
99,149,-2.991520e+03
99,49,-2.837705e+03
99,98,-2.912217e+03
99,99,8.741442e+03
100,150,-3.139414e+03
100,50,-2.991520e+03
100,101,-3.061920e+03
100,100,9.192854e+03
101,151,-3.127141e+03
101,51,-2.982617e+03
101,102,-3.047838e+03
101,100,-3.061920e+03
101,101,1.221952e+04
102,152,-3.106891e+03
102,52,-2.967930e+03
102,103,-3.026983e+03
102,101,-3.047838e+03
102,102,1.214964e+04
103,153,-3.078972e+03
103,53,-2.947680e+03
103,104,-2.999670e+03
103,102,-3.026983e+03
103,103,1.205331e+04
104,154,-3.043808e+03
104,54,-2.922175e+03
104,105,-2.966314e+03
104,103,-2.999670e+03
104,104,1.193197e+04
105,155,-3.001932e+03
105,55,-2.891802e+03
105,106,-2.927420e+03
105,104,-2.966314e+03
105,105,1.178747e+04
106,156,-2.953978e+03
106,56,-2.857020e+03
106,107,-2.883578e+03
106,105,-2.927420e+03
106,106,1.162199e+04
107,157,-2.900673e+03
107,57,-2.818357e+03
107,108,-2.835452e+03
107,106,-2.883578e+03
107,107,1.143806e+04
108,158,-2.842825e+03
108,58,-2.776399e+03
108,109,-2.783772e+03
108,107,-2.835452e+03
108,108,1.123845e+04
109,159,-2.781311e+03
109,59,-2.731782e+03
109,110,-2.729322e+03
109,108,-2.783772e+03
109,109,1.102619e+04
110,160,-2.717064e+03
110,60,-2.685183e+03
110,111,-2.672926e+03
110,109,-2.729322e+03
110,110,1.080450e+04
111,161,-2.651058e+03
111,61,-2.637308e+03
111,112,-2.615440e+03
111,110,-2.672926e+03
111,111,1.057673e+04
112,162,-2.584293e+03
112,62,-2.588882e+03
112,113,-2.557735e+03
112,111,-2.615440e+03
112,112,1.034635e+04
113,163,-2.517781e+03
113,63,-2.540640e+03
113,114,-2.500686e+03
113,112,-2.557735e+03
113,113,1.011684e+04
114,164,-2.452531e+03
114,64,-2.493313e+03
114,115,-2.445158e+03
114,113,-2.500686e+03
114,114,9.891687e+03
115,165,-2.389531e+03
115,65,-2.447618e+03
115,116,-2.391992e+03
115,114,-2.445158e+03
115,115,9.674299e+03
116,166,-2.329737e+03
116,66,-2.404249e+03
116,117,-2.341994e+03
116,115,-2.391992e+03
116,116,9.467972e+03
117,167,-2.274055e+03
117,67,-2.363862e+03
117,118,-2.295923e+03
117,116,-2.341994e+03
117,117,9.275834e+03
118,168,-2.223329e+03
118,68,-2.327070e+03
118,119,-2.254476e+03
118,117,-2.295923e+03
118,118,9.100799e+03
119,169,-2.178328e+03
119,69,-2.294430e+03
119,120,-2.218282e+03
119,118,-2.254476e+03
119,119,8.945518e+03
120,170,-2.139735e+03
120,70,-2.266438e+03
120,121,-2.187890e+03
120,119,-2.218282e+03
120,120,8.812347e+03
121,171,-2.108134e+03
121,71,-2.243517e+03
121,122,-2.163760e+03
121,120,-2.187890e+03
121,121,8.703303e+03
122,172,-2.084004e+03
122,72,-2.226015e+03
122,123,-2.146259e+03
122,121,-2.163760e+03
122,122,8.620040e+03
123,173,-2.067711e+03
123,73,-2.214198e+03
123,124,-2.135650e+03
123,122,-2.146259e+03
123,123,8.563821e+03
124,174,-2.059503e+03
124,74,-2.208244e+03
124,125,-2.132096e+03
124,123,-2.135650e+03
124,124,8.535496e+03
125,175,-2.059503e+03
125,75,-2.208244e+03
125,126,-2.135650e+03
125,124,-2.132096e+03
125,125,8.535496e+03
126,176,-2.067711e+03
126,76,-2.214198e+03
126,127,-2.146259e+03
126,125,-2.135650e+03
126,126,8.563821e+03
127,177,-2.084004e+03
127,77,-2.226015e+03
127,128,-2.163760e+03
127,126,-2.146259e+03
127,127,8.620040e+03
128,178,-2.108134e+03
128,78,-2.243517e+03
128,129,-2.187890e+03
128,127,-2.163760e+03
128,128,8.703303e+03
129,179,-2.139735e+03
129,79,-2.266438e+03
129,130,-2.218282e+03
129,128,-2.187890e+03
129,129,8.812347e+03
130,180,-2.178328e+03
130,80,-2.294430e+03
130,131,-2.254476e+03
130,129,-2.218282e+03
130,130,8.945518e+03
131,181,-2.223329e+03
131,81,-2.327070e+03
131,132,-2.295923e+03
131,130,-2.254476e+03
131,131,9.100799e+03
132,182,-2.274055e+03
132,82,-2.363862e+03
132,133,-2.341994e+03
132,131,-2.295923e+03
132,132,9.275834e+03
133,183,-2.329737e+03
133,83,-2.404249e+03
133,134,-2.391992e+03
133,132,-2.341994e+03
133,133,9.467972e+03
134,184,-2.389531e+03
134,84,-2.447618e+03
134,135,-2.445158e+03
134,133,-2.391992e+03
134,134,9.674299e+03
135,185,-2.452531e+03
135,85,-2.493313e+03
135,136,-2.500686e+03
135,134,-2.445158e+03
135,135,9.891687e+03
136,186,-2.517781e+03
136,86,-2.540640e+03
136,137,-2.557735e+03
136,135,-2.500686e+03
136,136,1.011684e+04
137,187,-2.584293e+03
137,87,-2.588882e+03
137,138,-2.615440e+03
137,136,-2.557735e+03
137,137,1.034635e+04
138,188,-2.651058e+03
138,88,-2.637308e+03
138,139,-2.672926e+03
138,137,-2.615440e+03
138,138,1.057673e+04
139,189,-2.717064e+03
139,89,-2.685183e+03
139,140,-2.729322e+03
139,138,-2.672926e+03
139,139,1.080450e+04
140,190,-2.781311e+03
140,90,-2.731782e+03
140,141,-2.783772e+03
140,139,-2.729322e+03
140,140,1.102619e+04
141,191,-2.842825e+03
141,91,-2.776399e+03
141,142,-2.835452e+03
141,140,-2.783772e+03
141,141,1.123845e+04
142,192,-2.900673e+03
142,92,-2.818357e+03
142,143,-2.883578e+03
142,141,-2.835452e+03
142,142,1.143806e+04
143,193,-2.953978e+03
143,93,-2.857020e+03
143,144,-2.927420e+03
143,142,-2.883578e+03
143,143,1.162199e+04
144,194,-3.001932e+03
144,94,-2.891802e+03
144,145,-2.966314e+03
144,143,-2.927420e+03
144,144,1.178747e+04
145,195,-3.043808e+03
145,95,-2.922175e+03
145,146,-2.999670e+03
145,144,-2.966314e+03
145,145,1.193197e+04
146,196,-3.078972e+03
146,96,-2.947680e+03
146,147,-3.026983e+03
146,145,-2.999670e+03
146,146,1.205331e+04
147,197,-3.106891e+03
147,97,-2.967930e+03
147,148,-3.047838e+03
147,146,-3.026983e+03
147,147,1.214964e+04
148,198,-3.127141e+03
148,98,-2.982617e+03
148,149,-3.061920e+03
148,147,-3.047838e+03
148,148,1.221952e+04
149,199,-3.139414e+03
149,99,-2.991520e+03
149,148,-3.061920e+03
149,149,9.192854e+03
150,200,-3.279147e+03
150,100,-3.139414e+03
150,151,-3.204635e+03
150,150,9.623197e+03
151,201,-3.263688e+03
151,101,-3.127141e+03
151,152,-3.186193e+03
151,150,-3.204635e+03
151,151,1.278166e+04
152,202,-3.238183e+03
152,102,-3.106891e+03
152,153,-3.158881e+03
152,151,-3.186193e+03
152,152,1.269015e+04
153,203,-3.203019e+03
153,103,-3.078972e+03
153,154,-3.123111e+03
153,152,-3.158881e+03
153,153,1.256398e+04
154,204,-3.158729e+03
154,104,-3.043808e+03
154,155,-3.079427e+03
154,153,-3.123111e+03
154,154,1.240507e+04
155,205,-3.105984e+03
155,105,-3.001932e+03
155,156,-3.028490e+03
155,154,-3.079427e+03
155,155,1.221583e+04
156,206,-3.045585e+03
156,106,-2.953978e+03
156,157,-2.971073e+03
156,155,-3.028490e+03
156,156,1.199912e+04
157,207,-2.978446e+03
157,107,-2.900673e+03
157,158,-2.908046e+03
157,156,-2.971073e+03
157,157,1.175824e+04
158,208,-2.905585e+03
158,108,-2.842825e+03
158,159,-2.840364e+03
158,157,-2.908046e+03
158,158,1.149682e+04
159,209,-2.828107e+03
159,109,-2.781311e+03
159,160,-2.769054e+03
159,158,-2.840364e+03
159,159,1.121884e+04
160,210,-2.747186e+03
160,110,-2.717064e+03
160,161,-2.695196e+03
160,159,-2.769054e+03
160,160,1.092850e+04
161,211,-2.664049e+03
161,111,-2.651058e+03
161,162,-2.619911e+03
161,160,-2.695196e+03
161,161,1.063022e+04
162,212,-2.579957e+03
162,112,-2.584293e+03
162,163,-2.544339e+03
162,161,-2.619911e+03
162,162,1.032850e+04
163,213,-2.496183e+03
163,113,-2.517781e+03
163,164,-2.469626e+03
163,162,-2.544339e+03
163,163,1.002793e+04
164,214,-2.413999e+03
164,114,-2.452531e+03
164,165,-2.396904e+03
164,163,-2.469626e+03
164,164,9.733060e+03
165,215,-2.334649e+03
165,115,-2.389531e+03
165,166,-2.327276e+03
165,164,-2.396904e+03
165,165,9.448361e+03
166,216,-2.259337e+03
166,116,-2.329737e+03
166,167,-2.261798e+03
166,165,-2.327276e+03
166,166,9.178149e+03
167,217,-2.189204e+03
167,117,-2.274055e+03
167,168,-2.201461e+03
167,166,-2.261798e+03
167,167,8.926519e+03
168,218,-2.125313e+03
168,118,-2.223329e+03
168,169,-2.147181e+03
168,167,-2.201461e+03
168,168,8.697287e+03
169,219,-2.068634e+03
169,119,-2.178328e+03
169,170,-2.099781e+03
169,168,-2.147181e+03
169,169,8.493927e+03
170,220,-2.020024e+03
170,120,-2.139735e+03
170,171,-2.059978e+03
170,169,-2.099781e+03
170,170,8.319522e+03
171,221,-1.980222e+03
171,121,-2.108134e+03
171,172,-2.028377e+03
171,170,-2.059978e+03
171,171,8.176716e+03
172,222,-1.949829e+03
172,122,-2.084004e+03
172,173,-2.005456e+03
172,171,-2.028377e+03
172,172,8.067673e+03
173,223,-1.929308e+03
173,123,-2.067711e+03
173,174,-1.991563e+03
173,172,-2.005456e+03
173,173,7.994046e+03
174,224,-1.918970e+03
174,124,-2.059503e+03
174,175,-1.986909e+03
174,173,-1.991563e+03
174,174,7.956951e+03
175,225,-1.918970e+03
175,125,-2.059503e+03
175,176,-1.991563e+03
175,174,-1.986909e+03
175,175,7.956951e+03
176,226,-1.929308e+03
176,126,-2.067711e+03
176,177,-2.005456e+03
176,175,-1.991563e+03
176,176,7.994046e+03
177,227,-1.949829e+03
177,127,-2.084004e+03
177,178,-2.028377e+03
177,176,-2.005456e+03
177,177,8.067673e+03
178,228,-1.980222e+03
178,128,-2.108134e+03
178,179,-2.059978e+03
178,177,-2.028377e+03
178,178,8.176716e+03
179,229,-2.020024e+03
179,129,-2.139735e+03
179,180,-2.099781e+03
179,178,-2.059978e+03
179,179,8.319522e+03
180,230,-2.068634e+03
180,130,-2.178328e+03
180,181,-2.147181e+03
180,179,-2.099781e+03
180,180,8.493927e+03
181,231,-2.125313e+03
181,131,-2.223329e+03
181,182,-2.201461e+03
181,180,-2.147181e+03
181,181,8.697287e+03
182,232,-2.189204e+03
182,132,-2.274055e+03
182,183,-2.261798e+03
182,181,-2.201461e+03
182,182,8.926519e+03
183,233,-2.259337e+03
183,133,-2.329737e+03
183,184,-2.327276e+03
183,182,-2.261798e+03
183,183,9.178149e+03
184,234,-2.334649e+03
184,134,-2.389531e+03
184,185,-2.396904e+03
184,183,-2.327276e+03
184,184,9.448361e+03
185,235,-2.413999e+03
185,135,-2.452531e+03
185,186,-2.469626e+03
185,184,-2.396904e+03
185,185,9.733060e+03
186,236,-2.496183e+03
186,136,-2.517781e+03
186,187,-2.544339e+03
186,185,-2.469626e+03
186,186,1.002793e+04
187,237,-2.579957e+03
187,137,-2.584293e+03
187,188,-2.619911e+03
187,186,-2.544339e+03
187,187,1.032850e+04
188,238,-2.664049e+03
188,138,-2.651058e+03
188,189,-2.695196e+03
188,187,-2.619911e+03
188,188,1.063022e+04
189,239,-2.747186e+03
189,139,-2.717064e+03
189,190,-2.769054e+03
189,188,-2.695196e+03
189,189,1.092850e+04
190,240,-2.828107e+03
190,140,-2.781311e+03
190,191,-2.840364e+03
190,189,-2.769054e+03
190,190,1.121884e+04
191,241,-2.905585e+03
191,141,-2.842825e+03
191,192,-2.908046e+03
191,190,-2.840364e+03
191,191,1.149682e+04
192,242,-2.978446e+03
192,142,-2.900673e+03
192,193,-2.971073e+03
192,191,-2.908046e+03
192,192,1.175824e+04
193,243,-3.045585e+03
193,143,-2.953978e+03
193,194,-3.028490e+03
193,192,-2.971073e+03
193,193,1.199912e+04
194,244,-3.105984e+03
194,144,-3.001932e+03
194,195,-3.079427e+03
194,193,-3.028490e+03
194,194,1.221583e+04
195,245,-3.158729e+03
195,145,-3.043808e+03
195,196,-3.123111e+03
195,194,-3.079427e+03
195,195,1.240507e+04
196,246,-3.203019e+03
196,146,-3.078972e+03
196,197,-3.158881e+03
196,195,-3.123111e+03
196,196,1.256398e+04
197,247,-3.238183e+03
197,147,-3.106891e+03
197,198,-3.186193e+03
197,196,-3.158881e+03
197,197,1.269015e+04
198,248,-3.263688e+03
198,148,-3.127141e+03
198,199,-3.204635e+03
198,197,-3.186193e+03
198,198,1.278166e+04
199,249,-3.279147e+03
199,149,-3.139414e+03
199,198,-3.204635e+03
199,199,9.623197e+03
200,250,-3.408600e+03
200,150,-3.279147e+03
200,201,-3.338200e+03
200,200,1.002595e+04
201,251,-3.390190e+03
201,151,-3.263688e+03
201,202,-3.315678e+03
201,200,-3.338200e+03
201,201,1.330776e+04
202,252,-3.359816e+03
202,152,-3.238183e+03
202,203,-3.282321e+03
202,201,-3.315678e+03
202,202,1.319600e+04
203,253,-3.317940e+03
203,153,-3.203019e+03
203,204,-3.238637e+03
203,202,-3.282321e+03
203,203,1.304192e+04
204,254,-3.265195e+03
204,154,-3.158729e+03
204,205,-3.185287e+03
204,203,-3.238637e+03
204,204,1.284785e+04
205,255,-3.202382e+03
205,155,-3.105984e+03
205,206,-3.123079e+03
205,204,-3.185287e+03
205,205,1.261673e+04
206,256,-3.130452e+03
206,156,-3.045585e+03
206,207,-3.052958e+03
206,205,-3.123079e+03
206,206,1.235207e+04
207,257,-3.050497e+03
207,157,-2.978446e+03
207,208,-2.975985e+03
207,206,-3.052958e+03
207,207,1.205789e+04
208,258,-2.963728e+03
208,158,-2.905585e+03
208,209,-2.893328e+03
208,207,-2.975985e+03
208,208,1.173863e+04
209,259,-2.871460e+03
209,159,-2.828107e+03
209,210,-2.806239e+03
209,208,-2.893328e+03
209,209,1.139913e+04
210,260,-2.775092e+03
210,160,-2.747186e+03
210,211,-2.716039e+03
210,209,-2.806239e+03
210,210,1.104456e+04
211,261,-2.676085e+03
211,161,-2.664049e+03
211,212,-2.624095e+03
211,210,-2.716039e+03
211,211,1.068027e+04
212,262,-2.575940e+03
212,162,-2.579957e+03
212,213,-2.531802e+03
212,211,-2.624095e+03
212,212,1.031179e+04
213,263,-2.476175e+03
213,163,-2.496183e+03
213,214,-2.440557e+03
213,212,-2.531802e+03
213,213,9.944718e+03
214,264,-2.378302e+03
214,164,-2.413999e+03
214,215,-2.351744e+03
214,213,-2.440557e+03
214,214,9.584603e+03
215,265,-2.283805e+03
215,165,-2.334649e+03
215,216,-2.266710e+03
215,214,-2.351744e+03
215,215,9.236910e+03
216,266,-2.194116e+03
216,166,-2.259337e+03
216,217,-2.186743e+03
216,215,-2.266710e+03
216,216,8.906909e+03
217,267,-2.110595e+03
217,167,-2.189204e+03
217,218,-2.113056e+03
217,216,-2.186743e+03
217,217,8.599603e+03
218,268,-2.034508e+03
218,168,-2.125313e+03
218,219,-2.046766e+03
218,217,-2.113056e+03
218,218,8.319650e+03
219,269,-1.967009e+03
219,169,-2.068634e+03
219,220,-1.988877e+03
219,218,-2.046766e+03
219,219,8.071294e+03
220,270,-1.909120e+03
220,170,-2.020024e+03
220,221,-1.940268e+03
220,219,-1.988877e+03
220,220,7.858300e+03
221,271,-1.861720e+03
221,171,-1.980222e+03
221,222,-1.901674e+03
221,220,-1.940268e+03
221,221,7.683895e+03
222,272,-1.825526e+03
222,172,-1.949829e+03
222,223,-1.873682e+03
222,221,-1.901674e+03
222,222,7.550725e+03
223,273,-1.801088e+03
223,173,-1.929308e+03
223,224,-1.856715e+03
223,222,-1.873682e+03
223,223,7.460808e+03
224,274,-1.788775e+03
224,174,-1.918970e+03
224,225,-1.851030e+03
224,223,-1.856715e+03
224,224,7.415505e+03
225,275,-1.788775e+03
225,175,-1.918970e+03
225,226,-1.856715e+03
225,224,-1.851030e+03
225,225,7.415505e+03
226,276,-1.801088e+03
226,176,-1.929308e+03
226,227,-1.873682e+03
226,225,-1.856715e+03
226,226,7.460808e+03
227,277,-1.825526e+03
227,177,-1.949829e+03
227,228,-1.901674e+03
227,226,-1.873682e+03
227,227,7.550725e+03
228,278,-1.861720e+03
228,178,-1.980222e+03
228,229,-1.940268e+03
228,227,-1.901674e+03
228,228,7.683895e+03
229,279,-1.909120e+03
229,179,-2.020024e+03
229,230,-1.988877e+03
229,228,-1.940268e+03
229,229,7.858300e+03
230,280,-1.967009e+03
230,180,-2.068634e+03
230,231,-2.046766e+03
230,229,-1.988877e+03
230,230,8.071294e+03
231,281,-2.034508e+03
231,181,-2.125313e+03
231,232,-2.113056e+03
231,230,-2.046766e+03
231,231,8.319650e+03
232,282,-2.110595e+03
232,182,-2.189204e+03
232,233,-2.186743e+03
232,231,-2.113056e+03
232,232,8.599603e+03
233,283,-2.194116e+03
233,183,-2.259337e+03
233,234,-2.266710e+03
233,232,-2.186743e+03
233,233,8.906909e+03
234,284,-2.283805e+03
234,184,-2.334649e+03
234,235,-2.351744e+03
234,233,-2.266710e+03
234,234,9.236910e+03
235,285,-2.378302e+03
235,185,-2.413999e+03
235,236,-2.440557e+03
235,234,-2.351744e+03
235,235,9.584603e+03
236,286,-2.476175e+03
236,186,-2.496183e+03
236,237,-2.531802e+03
236,235,-2.440557e+03
236,236,9.944718e+03
237,287,-2.575940e+03
237,187,-2.579957e+03
237,238,-2.624095e+03
237,236,-2.531802e+03
237,237,1.031179e+04
238,288,-2.676085e+03
238,188,-2.664049e+03
238,239,-2.716039e+03
238,237,-2.624095e+03
238,238,1.068027e+04
239,289,-2.775092e+03
239,189,-2.747186e+03
239,240,-2.806239e+03
239,238,-2.716039e+03
239,239,1.104456e+04
240,290,-2.871460e+03
240,190,-2.828107e+03
240,241,-2.893328e+03
240,239,-2.806239e+03
240,240,1.139913e+04
241,291,-2.963728e+03
241,191,-2.905585e+03
241,242,-2.975985e+03
241,240,-2.893328e+03
241,241,1.173863e+04
242,292,-3.050497e+03
242,192,-2.978446e+03
242,243,-3.052958e+03
242,241,-2.975985e+03
242,242,1.205789e+04
243,293,-3.130452e+03
243,193,-3.045585e+03
243,244,-3.123079e+03
243,242,-3.052958e+03
243,243,1.235207e+04
244,294,-3.202382e+03
244,194,-3.105984e+03
244,245,-3.185287e+03
244,243,-3.123079e+03
244,244,1.261673e+04
245,295,-3.265195e+03
245,195,-3.158729e+03
245,246,-3.238637e+03
245,244,-3.185287e+03
245,245,1.284785e+04
246,296,-3.317940e+03
246,196,-3.203019e+03
246,247,-3.282321e+03
246,245,-3.238637e+03
246,246,1.304192e+04
247,297,-3.359816e+03
247,197,-3.238183e+03
247,248,-3.315678e+03
247,246,-3.282321e+03
247,247,1.319600e+04
248,298,-3.390190e+03
248,198,-3.263688e+03
248,249,-3.338200e+03
248,247,-3.315678e+03
248,248,1.330776e+04
249,299,-3.408600e+03
249,199,-3.279147e+03
249,248,-3.338200e+03
249,249,1.002595e+04
250,300,-3.525811e+03
250,200,-3.408600e+03
250,251,-3.460590e+03
250,250,1.039500e+04
251,301,-3.504728e+03
251,201,-3.390190e+03
251,252,-3.434328e+03
251,250,-3.460590e+03
251,251,1.378984e+04
252,302,-3.469946e+03
252,202,-3.359816e+03
252,253,-3.395434e+03
252,251,-3.434328e+03
252,252,1.365952e+04
253,303,-3.421992e+03
253,203,-3.317940e+03
253,254,-3.344497e+03
253,252,-3.395434e+03
253,253,1.347986e+04
254,304,-3.361592e+03
254,204,-3.265195e+03
254,255,-3.282290e+03
254,253,-3.344497e+03
254,254,1.325357e+04
255,305,-3.289663e+03
255,205,-3.202382e+03
255,256,-3.209755e+03
255,254,-3.282290e+03
255,255,1.298409e+04
256,306,-3.207294e+03
256,206,-3.130452e+03
256,257,-3.127992e+03
256,255,-3.209755e+03
256,256,1.267549e+04
257,307,-3.115734e+03
257,207,-3.050497e+03
257,258,-3.038240e+03
257,256,-3.127992e+03
257,257,1.233246e+04
258,308,-3.016372e+03
258,208,-2.963728e+03
258,259,-2.941860e+03
258,257,-3.038240e+03
258,258,1.196020e+04
259,309,-2.910713e+03
259,209,-2.871460e+03
259,260,-2.840313e+03
259,258,-2.941860e+03
259,259,1.156435e+04
260,310,-2.800359e+03
260,210,-2.775092e+03
260,261,-2.735138e+03
260,259,-2.840313e+03
260,260,1.115090e+04
261,311,-2.686982e+03
261,211,-2.676085e+03
261,262,-2.627930e+03
261,260,-2.735138e+03
261,261,1.072614e+04
262,312,-2.572303e+03
262,212,-2.575940e+03
262,263,-2.520313e+03
262,261,-2.627930e+03
262,262,1.029649e+04
263,313,-2.458058e+03
263,213,-2.476175e+03
263,264,-2.413920e+03
263,262,-2.520313e+03
263,263,9.868469e+03
264,314,-2.345981e+03
264,214,-2.378302e+03
264,265,-2.310363e+03
264,263,-2.413920e+03
264,264,9.448569e+03
265,315,-2.237769e+03
265,215,-2.283805e+03
265,266,-2.211211e+03
265,264,-2.310363e+03
265,265,9.043153e+03
266,316,-2.135063e+03
266,216,-2.194116e+03
266,267,-2.117968e+03
266,265,-2.211211e+03
266,266,8.658367e+03
267,317,-2.039421e+03
267,217,-2.110595e+03
267,268,-2.032048e+03
267,266,-2.117968e+03
267,267,8.300043e+03
268,318,-1.952291e+03
268,218,-2.034508e+03
268,269,-1.954752e+03
268,267,-2.032048e+03
268,268,7.973614e+03
269,319,-1.874995e+03
269,219,-1.967009e+03
269,270,-1.887253e+03
269,268,-1.954752e+03
269,269,7.684028e+03
270,320,-1.808705e+03
270,220,-1.909120e+03
270,271,-1.830573e+03
270,269,-1.887253e+03
270,270,7.435674e+03
271,321,-1.754425e+03
271,221,-1.861720e+03
271,272,-1.785572e+03
271,270,-1.830573e+03
271,271,7.232317e+03
272,322,-1.712978e+03
272,222,-1.825526e+03
272,273,-1.752933e+03
272,271,-1.785572e+03
272,272,7.077039e+03
273,323,-1.684993e+03
273,223,-1.801088e+03
273,274,-1.733149e+03
273,272,-1.752933e+03
273,273,6.972194e+03
274,324,-1.670894e+03
274,224,-1.788775e+03
274,275,-1.726521e+03
274,273,-1.733149e+03
274,274,6.919372e+03
275,325,-1.670894e+03
275,225,-1.788775e+03
275,276,-1.733149e+03
275,274,-1.726521e+03
275,275,6.919372e+03
276,326,-1.684993e+03
276,226,-1.801088e+03
276,277,-1.752933e+03
276,275,-1.733149e+03
276,276,6.972194e+03
277,327,-1.712978e+03
277,227,-1.825526e+03
277,278,-1.785572e+03
277,276,-1.752933e+03
277,277,7.077039e+03
278,328,-1.754425e+03
278,228,-1.861720e+03
278,279,-1.830573e+03
278,277,-1.785572e+03
278,278,7.232317e+03
279,329,-1.808705e+03
279,229,-1.909120e+03
279,280,-1.887253e+03
279,278,-1.830573e+03
279,279,7.435674e+03
280,330,-1.874995e+03
280,230,-1.967009e+03
280,281,-1.954752e+03
280,279,-1.887253e+03
280,280,7.684028e+03
281,331,-1.952291e+03
281,231,-2.034508e+03
281,282,-2.032048e+03
281,280,-1.954752e+03
281,281,7.973614e+03
282,332,-2.039421e+03
282,232,-2.110595e+03
282,283,-2.117968e+03
282,281,-2.032048e+03
282,282,8.300043e+03
283,333,-2.135063e+03
283,233,-2.194116e+03
283,284,-2.211211e+03
283,282,-2.117968e+03
283,283,8.658367e+03
284,334,-2.237769e+03
284,234,-2.283805e+03
284,285,-2.310363e+03
284,283,-2.211211e+03
284,284,9.043153e+03
285,335,-2.345981e+03
285,235,-2.378302e+03
285,286,-2.413920e+03
285,284,-2.310363e+03
285,285,9.448569e+03
286,336,-2.458058e+03
286,236,-2.476175e+03
286,287,-2.520313e+03
286,285,-2.413920e+03
286,286,9.868469e+03
287,337,-2.572303e+03
287,237,-2.575940e+03
287,288,-2.627930e+03
287,286,-2.520313e+03
287,287,1.029649e+04
288,338,-2.686982e+03
288,238,-2.676085e+03
288,289,-2.735138e+03
288,287,-2.627930e+03
288,288,1.072614e+04
289,339,-2.800359e+03
289,239,-2.775092e+03
289,290,-2.840313e+03
289,288,-2.735138e+03
289,289,1.115090e+04
290,340,-2.910713e+03
290,240,-2.871460e+03
290,291,-2.941860e+03
290,289,-2.840313e+03
290,290,1.156435e+04
291,341,-3.016372e+03
291,241,-2.963728e+03
291,292,-3.038240e+03
291,290,-2.941860e+03
291,291,1.196020e+04
292,342,-3.115734e+03
292,242,-3.050497e+03
292,293,-3.127992e+03
292,291,-3.038240e+03
292,292,1.233246e+04
293,343,-3.207294e+03
293,243,-3.130452e+03
293,294,-3.209755e+03
293,292,-3.127992e+03
293,293,1.267549e+04
294,344,-3.289663e+03
294,244,-3.202382e+03
294,295,-3.282290e+03
294,293,-3.209755e+03
294,294,1.298409e+04
295,345,-3.361592e+03
295,245,-3.265195e+03
295,296,-3.344497e+03
295,294,-3.282290e+03
295,295,1.325357e+04
296,346,-3.421992e+03
296,246,-3.317940e+03
296,297,-3.395434e+03
296,295,-3.344497e+03
296,296,1.347986e+04
297,347,-3.469946e+03
297,247,-3.359816e+03
297,298,-3.434328e+03
297,296,-3.395434e+03
297,297,1.365952e+04
298,348,-3.504728e+03
298,248,-3.390190e+03
298,299,-3.460590e+03
298,297,-3.434328e+03
298,298,1.378984e+04
299,349,-3.525811e+03
299,249,-3.408600e+03
299,298,-3.460590e+03
299,299,1.039500e+04
300,350,-3.629002e+03
300,250,-3.525811e+03
300,301,-3.569949e+03
300,300,1.072476e+04
301,351,-3.605567e+03
301,251,-3.504728e+03
301,302,-3.540346e+03
301,300,-3.569949e+03
301,301,1.422059e+04
302,352,-3.566904e+03
302,252,-3.469946e+03
302,303,-3.496504e+03
302,301,-3.540346e+03
302,302,1.407370e+04
303,353,-3.513599e+03
303,253,-3.421992e+03
303,304,-3.439087e+03
303,302,-3.496504e+03
303,303,1.387118e+04
304,354,-3.446460e+03
304,254,-3.361592e+03
304,305,-3.368965e+03
304,303,-3.439087e+03
304,304,1.361610e+04
305,355,-3.366505e+03
305,255,-3.289663e+03
305,306,-3.287202e+03
305,304,-3.368965e+03
305,305,1.331234e+04
306,356,-3.274945e+03
306,256,-3.207294e+03
306,307,-3.195037e+03
306,305,-3.287202e+03
306,306,1.296448e+04
307,357,-3.173169e+03
307,257,-3.115734e+03
307,308,-3.093866e+03
307,306,-3.195037e+03
307,307,1.257781e+04
308,358,-3.062719e+03
308,258,-3.016372e+03
308,309,-2.985225e+03
308,307,-3.093866e+03
308,308,1.215818e+04
309,359,-2.945271e+03
309,259,-2.910713e+03
309,310,-2.870759e+03
309,308,-2.985225e+03
309,309,1.171197e+04
310,360,-2.822603e+03
310,260,-2.800359e+03
310,311,-2.752203e+03
310,309,-2.870759e+03
310,310,1.124592e+04
311,361,-2.696576e+03
311,261,-2.686982e+03
311,312,-2.631356e+03
311,310,-2.752203e+03
311,311,1.076712e+04
312,362,-2.569101e+03
312,262,-2.572303e+03
312,313,-2.510048e+03
312,311,-2.631356e+03
312,312,1.028281e+04
313,363,-2.442109e+03
313,263,-2.458058e+03
313,314,-2.390119e+03
313,312,-2.510048e+03
313,313,9.800340e+03
314,364,-2.317525e+03
314,264,-2.345981e+03
314,315,-2.273387e+03
314,313,-2.390119e+03
314,314,9.327020e+03
315,365,-2.197239e+03
315,265,-2.237769e+03
315,316,-2.161621e+03
315,314,-2.273387e+03
315,315,8.870028e+03
316,366,-2.083074e+03
316,266,-2.135063e+03
316,317,-2.056516e+03
316,315,-2.161621e+03
316,316,8.436291e+03
317,367,-1.976759e+03
317,267,-2.039421e+03
317,318,-1.959664e+03
317,316,-2.056516e+03
317,317,8.032383e+03
318,368,-1.879908e+03
318,268,-1.952291e+03
318,319,-1.872535e+03
318,317,-1.959664e+03
318,318,7.664428e+03
319,369,-1.793987e+03
319,269,-1.874995e+03
319,320,-1.796448e+03
319,318,-1.872535e+03
319,319,7.338004e+03
320,370,-1.720300e+03
320,270,-1.808705e+03
320,321,-1.732557e+03
320,319,-1.796448e+03
320,320,7.058057e+03
321,371,-1.659964e+03
321,271,-1.754425e+03
321,322,-1.681831e+03
321,320,-1.732557e+03
321,321,6.828832e+03
322,372,-1.613892e+03
322,272,-1.712978e+03
322,323,-1.645039e+03
322,321,-1.681831e+03
322,322,6.653803e+03
323,373,-1.582784e+03
323,273,-1.684993e+03
323,324,-1.622738e+03
323,322,-1.645039e+03
323,323,6.535622e+03
324,374,-1.567112e+03
324,274,-1.670894e+03
324,325,-1.615267e+03
324,323,-1.622738e+03
324,324,6.476080e+03
325,375,-1.567112e+03
325,275,-1.670894e+03
325,326,-1.622738e+03
325,324,-1.615267e+03
325,325,6.476080e+03
326,376,-1.582784e+03
326,276,-1.684993e+03
326,327,-1.645039e+03
326,325,-1.622738e+03
326,326,6.535622e+03
327,377,-1.613892e+03
327,277,-1.712978e+03
327,328,-1.681831e+03
327,326,-1.645039e+03
327,327,6.653803e+03
328,378,-1.659964e+03
328,278,-1.754425e+03
328,329,-1.732557e+03
328,327,-1.681831e+03
328,328,6.828832e+03
329,379,-1.720300e+03
329,279,-1.808705e+03
329,330,-1.796448e+03
329,328,-1.732557e+03
329,329,7.058057e+03
330,380,-1.793987e+03
330,280,-1.874995e+03
330,331,-1.872535e+03
330,329,-1.796448e+03
330,330,7.338004e+03
331,381,-1.879908e+03
331,281,-1.952291e+03
331,332,-1.959664e+03
331,330,-1.872535e+03
331,331,7.664428e+03
332,382,-1.976759e+03
332,282,-2.039421e+03
332,333,-2.056516e+03
332,331,-1.959664e+03
332,332,8.032383e+03
333,383,-2.083074e+03
333,283,-2.135063e+03
333,334,-2.161621e+03
333,332,-2.056516e+03
333,333,8.436291e+03
334,384,-2.197239e+03
334,284,-2.237769e+03
334,335,-2.273387e+03
334,333,-2.161621e+03
334,334,8.870028e+03
335,385,-2.317525e+03
335,285,-2.345981e+03
335,336,-2.390119e+03
335,334,-2.273387e+03
335,335,9.327020e+03
336,386,-2.442109e+03
336,286,-2.458058e+03
336,337,-2.510048e+03
336,335,-2.390119e+03
336,336,9.800340e+03
337,387,-2.569101e+03
337,287,-2.572303e+03
337,338,-2.631356e+03
337,336,-2.510048e+03
337,337,1.028281e+04
338,388,-2.696576e+03
338,288,-2.686982e+03
338,339,-2.752203e+03
338,337,-2.631356e+03
338,338,1.076712e+04
339,389,-2.822603e+03
339,289,-2.800359e+03
339,340,-2.870759e+03
339,338,-2.752203e+03
339,339,1.124592e+04
340,390,-2.945271e+03
340,290,-2.910713e+03
340,341,-2.985225e+03
340,339,-2.870759e+03
340,340,1.171197e+04
341,391,-3.062719e+03
341,291,-3.016372e+03
341,342,-3.093866e+03
341,340,-2.985225e+03
341,341,1.215818e+04
342,392,-3.173169e+03
342,292,-3.115734e+03
342,343,-3.195037e+03
342,341,-3.093866e+03
342,342,1.257781e+04
343,393,-3.274945e+03
343,293,-3.207294e+03
343,344,-3.287202e+03
343,342,-3.195037e+03
343,343,1.296448e+04
344,394,-3.366505e+03
344,294,-3.289663e+03
344,345,-3.368965e+03
344,343,-3.287202e+03
344,344,1.331234e+04
345,395,-3.446460e+03
345,295,-3.361592e+03
345,346,-3.439087e+03
345,344,-3.368965e+03
345,345,1.361610e+04
346,396,-3.513599e+03
346,296,-3.421992e+03
346,347,-3.496504e+03
346,345,-3.439087e+03
346,346,1.387118e+04
347,397,-3.566904e+03
347,297,-3.469946e+03
347,348,-3.540346e+03
347,346,-3.496504e+03
347,347,1.407370e+04
348,398,-3.605567e+03
348,298,-3.504728e+03
348,349,-3.569949e+03
348,347,-3.540346e+03
348,348,1.422059e+04
349,399,-3.629002e+03
349,299,-3.525811e+03
349,348,-3.569949e+03
349,349,1.072476e+04
350,400,-3.716610e+03
350,300,-3.629002e+03
350,351,-3.664620e+03
350,350,1.101023e+04
351,401,-3.691178e+03
351,301,-3.605567e+03
351,352,-3.632125e+03
351,350,-3.664620e+03
351,351,1.459349e+04
352,402,-3.649220e+03
352,302,-3.566904e+03
352,353,-3.583999e+03
352,351,-3.632125e+03
352,352,1.443225e+04
353,403,-3.591372e+03
353,303,-3.513599e+03
353,354,-3.520972e+03
353,352,-3.583999e+03
353,353,1.420994e+04
354,404,-3.518511e+03
354,304,-3.446460e+03
354,355,-3.443999e+03
354,353,-3.520972e+03
354,354,1.392994e+04
355,405,-3.431742e+03
355,305,-3.366505e+03
355,356,-3.354247e+03
355,354,-3.443999e+03
355,355,1.359649e+04
356,406,-3.332379e+03
356,306,-3.274945e+03
356,357,-3.253077e+03
356,355,-3.354247e+03
356,356,1.321465e+04
357,407,-3.221930e+03
357,307,-3.173169e+03
357,358,-3.142022e+03
357,356,-3.253077e+03
357,357,1.279020e+04
358,408,-3.102068e+03
358,308,-3.062719e+03
358,359,-3.022765e+03
358,357,-3.142022e+03
358,358,1.232958e+04
359,409,-2.974610e+03
359,309,-2.945271e+03
359,360,-2.897115e+03
359,358,-3.022765e+03
359,359,1.183976e+04
360,410,-2.841489e+03
360,310,-2.822603e+03
360,361,-2.766976e+03
360,359,-2.897115e+03
360,360,1.132819e+04
361,411,-2.704722e+03
361,311,-2.696576e+03
361,362,-2.634322e+03
361,360,-2.766976e+03
361,361,1.080260e+04
362,412,-2.566382e+03
362,312,-2.569101e+03
362,363,-2.501162e+03
362,361,-2.634322e+03
362,362,1.027097e+04
363,413,-2.428568e+03
363,313,-2.442109e+03
363,364,-2.369515e+03
363,362,-2.501162e+03
363,363,9.741364e+03
364,414,-2.293367e+03
364,314,-2.317525e+03
364,365,-2.241378e+03
364,363,-2.369515e+03
364,364,9.221802e+03
365,415,-2.162830e+03
365,315,-2.197239e+03
365,366,-2.118692e+03
365,364,-2.241378e+03
365,365,8.720163e+03
366,416,-2.038935e+03
366,316,-2.083074e+03
366,367,-2.003317e+03
366,365,-2.118692e+03
366,366,8.244052e+03
367,417,-1.923560e+03
367,317,-1.976759e+03
367,368,-1.897003e+03
367,366,-2.003317e+03
367,367,7.800686e+03
368,418,-1.818455e+03
368,318,-1.879908e+03
368,369,-1.801360e+03
368,367,-1.897003e+03
368,368,7.396787e+03
369,419,-1.725212e+03
369,319,-1.793987e+03
369,370,-1.717839e+03
369,368,-1.801360e+03
369,369,7.038476e+03
370,420,-1.645246e+03
370,320,-1.720300e+03
370,371,-1.647706e+03
370,369,-1.717839e+03
370,370,6.731185e+03
371,421,-1.579767e+03
371,321,-1.659964e+03
371,372,-1.592024e+03
371,370,-1.647706e+03
371,371,6.479571e+03
372,422,-1.529769e+03
372,322,-1.613892e+03
372,373,-1.551637e+03
372,371,-1.592024e+03
372,372,6.287446e+03
373,423,-1.496011e+03
373,323,-1.582784e+03
373,374,-1.527158e+03
373,372,-1.551637e+03
373,373,6.157723e+03
374,424,-1.479002e+03
374,324,-1.567112e+03
374,375,-1.518956e+03
374,373,-1.527158e+03
374,374,6.092366e+03
375,425,-1.479002e+03
375,325,-1.567112e+03
375,376,-1.527158e+03
375,374,-1.518956e+03
375,375,6.092366e+03
376,426,-1.496011e+03
376,326,-1.582784e+03
376,377,-1.551637e+03
376,375,-1.527158e+03
376,376,6.157723e+03
377,427,-1.529769e+03
377,327,-1.613892e+03
377,378,-1.592024e+03
377,376,-1.551637e+03
377,377,6.287446e+03
378,428,-1.579767e+03
378,328,-1.659964e+03
378,379,-1.647706e+03
378,377,-1.592024e+03
378,378,6.479571e+03
379,429,-1.645246e+03
379,329,-1.720300e+03
379,380,-1.717839e+03
379,378,-1.647706e+03
379,379,6.731185e+03
380,430,-1.725212e+03
380,330,-1.793987e+03
380,381,-1.801360e+03
380,379,-1.717839e+03
380,380,7.038476e+03
381,431,-1.818455e+03
381,331,-1.879908e+03
381,382,-1.897003e+03
381,380,-1.801360e+03
381,381,7.396787e+03
382,432,-1.923560e+03
382,332,-1.976759e+03
382,383,-2.003317e+03
382,381,-1.897003e+03
382,382,7.800686e+03
383,433,-2.038935e+03
383,333,-2.083074e+03
383,384,-2.118692e+03
383,382,-2.003317e+03
383,383,8.244052e+03
384,434,-2.162830e+03
384,334,-2.197239e+03
384,385,-2.241378e+03
384,383,-2.118692e+03
384,384,8.720163e+03
385,435,-2.293367e+03
385,335,-2.317525e+03
385,386,-2.369515e+03
385,384,-2.241378e+03
385,385,9.221802e+03
386,436,-2.428568e+03
386,336,-2.442109e+03
386,387,-2.501162e+03
386,385,-2.369515e+03
386,386,9.741364e+03
387,437,-2.566382e+03
387,337,-2.569101e+03
387,388,-2.634322e+03
387,386,-2.501162e+03
387,387,1.027097e+04
388,438,-2.704722e+03
388,338,-2.696576e+03
388,389,-2.766976e+03
388,387,-2.634322e+03
